Epoch	loss	mean_squared_error	mean_absolute_error
1	0.13116909563541412	0.13102863729000092	0.2821752429008484
2	0.05604766309261322	0.05602456256747246	0.1909455806016922
3	0.051417313516139984	0.05138813704252243	0.1805795431137085
4	0.04915359988808632	0.049176864326000214	0.17537371814250946
5	0.04799879714846611	0.04800548776984215	0.1719643771648407
6	0.0476248562335968	0.047585081309080124	0.17191872000694275
7	0.04641147330403328	0.04640888050198555	0.16786152124404907
8	0.0455598458647728	0.04552997648715973	0.16602873802185059
9	0.044759444892406464	0.04472784698009491	0.1640569567680359
10	0.04443531855940819	0.04444972425699234	0.16326665878295898
11	0.043817296624183655	0.04376126825809479	0.16166865825653076
12	0.043307114392519	0.043348297476768494	0.1600865125656128
13	0.043769825249910355	0.04375401511788368	0.16144101321697235
14	0.04259292036294937	0.042578164488077164	0.1582808643579483
15	0.042493268847465515	0.042500268667936325	0.15809257328510284
16	0.041905682533979416	0.04189344495534897	0.15699684619903564
17	0.04196159541606903	0.0419282540678978	0.15697216987609863
18	0.04168200120329857	0.04173685610294342	0.1560700684785843
19	0.04101773723959923	0.04099203646183014	0.15537869930267334
20	0.04169228672981262	0.041676051914691925	0.155462846159935
21	0.041335709393024445	0.04134970158338547	0.15540273487567902
22	0.04091236740350723	0.04093242436647415	0.15472853183746338
23	0.03993139788508415	0.03989400342106819	0.15217365324497223
24	0.03990444913506508	0.03991081193089485	0.15189267694950104
25	0.040219955146312714	0.04022854194045067	0.15344631671905518
26	0.03919883817434311	0.03918924927711487	0.15035149455070496
27	0.03898370638489723	0.039009567350149155	0.150632843375206
28	0.03887765854597092	0.03895926848053932	0.15013167262077332
29	0.03916195407509804	0.0391547754406929	0.15129917860031128
30	0.03843336179852486	0.0383959598839283	0.14864887297153473
31	0.038207702338695526	0.038179121911525726	0.14824795722961426
32	0.03791356459259987	0.0379800982773304	0.14797057211399078
33	0.037263330072164536	0.03730252757668495	0.1471816748380661
34	0.038320112973451614	0.03833039104938507	0.14905790984630585
35	0.037755388766527176	0.03779325261712074	0.14745552837848663
36	0.037022899836301804	0.0370643213391304	0.1460193395614624
37	0.03680318593978882	0.0367862842977047	0.1462305784225464
38	0.03677999973297119	0.03682561218738556	0.14554698765277863
39	0.03608822077512741	0.036082230508327484	0.14403778314590454
40	0.03608379885554314	0.03605576604604721	0.14416539669036865
41	0.03570662811398506	0.03572329878807068	0.14280156791210175
42	0.03553349897265434	0.03554323688149452	0.14279906451702118
43	0.03584655001759529	0.03582104668021202	0.14414426684379578
44	0.03477754443883896	0.03475150465965271	0.14106179773807526
45	0.035662297159433365	0.03566725179553032	0.14348672330379486
46	0.03481914475560188	0.03481986001133919	0.1413307785987854
47	0.03412684425711632	0.03418106213212013	0.13989493250846863
48	0.034092169255018234	0.034056901931762695	0.13893958926200867
49	0.034754231572151184	0.03473161906003952	0.14115513861179352
50	0.034435562789440155	0.03440138325095177	0.14108560979366302
51	0.033504050225019455	0.03353644162416458	0.1385607123374939
52	0.03466179221868515	0.034672532230615616	0.1411755234003067
53	0.03301000967621803	0.03299837186932564	0.1373910754919052
54	0.03322124481201172	0.03330914303660393	0.13822342455387115
55	0.03301534801721573	0.03304101154208183	0.1374148279428482
56	0.03349899500608444	0.03348352387547493	0.13866092264652252
57	0.03245037794113159	0.03245756775140762	0.13612100481987
58	0.03237755224108696	0.032362665981054306	0.1358480304479599
59	0.03177829086780548	0.031768254935741425	0.1344166100025177
60	0.03209822252392769	0.032102782279253006	0.13514186441898346
61	0.032123006880283356	0.03219769150018692	0.13567744195461273
62	0.031268782913684845	0.0312810018658638	0.13348837196826935
63	0.03152506425976753	0.03149780258536339	0.1343563348054886
64	0.03159001097083092	0.0316140241920948	0.1345122754573822
65	0.03171027451753616	0.031704820692539215	0.13433218002319336
66	0.031454093754291534	0.0314326137304306	0.13384497165679932
67	0.031233923509716988	0.03125534951686859	0.13296927511692047
68	0.03113534115254879	0.031124548986554146	0.1331392526626587
69	0.03044554777443409	0.030485372990369797	0.13216359913349152
70	0.030579207465052605	0.030618492513895035	0.1321711242198944
71	0.030200373381376266	0.03021538443863392	0.13045817613601685
72	0.029777497053146362	0.029804646968841553	0.1304313838481903
73	0.029890989884734154	0.02989000268280506	0.1302342414855957
74	0.029820550233125687	0.029840007424354553	0.13061976432800293
75	0.02982407994568348	0.02984674647450447	0.13026189804077148
76	0.029325397685170174	0.0293100755661726	0.12989751994609833
77	0.02960866317152977	0.029646417126059532	0.13010644912719727
78	0.029373224824666977	0.029368117451667786	0.12924198806285858
79	0.02908526547253132	0.029071137309074402	0.12818710505962372
80	0.028428589925169945	0.0284091979265213	0.12683096528053284
81	0.028825903311371803	0.028826717287302017	0.12788882851600647
82	0.028986534103751183	0.028982385993003845	0.12842144072055817
83	0.02874847687780857	0.028715845197439194	0.12760333716869354
84	0.02835964597761631	0.02834530547261238	0.1272624284029007
85	0.027902929112315178	0.027994483709335327	0.125748410820961
86	0.028363464400172234	0.028365755453705788	0.1269584447145462
87	0.02772405743598938	0.027727412059903145	0.12513774633407593
88	0.027453670278191566	0.027454974129796028	0.12424319237470627
89	0.027488861232995987	0.0274661835283041	0.12470879405736923
90	0.027080543339252472	0.02709357626736164	0.12400441616773605
91	0.02741052210330963	0.027415001764893532	0.12464147806167603
92	0.027225691825151443	0.027189038693904877	0.12388148158788681
93	0.027726074680685997	0.027702856808900833	0.1257750540971756
94	0.02685477025806904	0.026864120736718178	0.12316463887691498
95	0.02737243101000786	0.027371756732463837	0.12484817206859589
96	0.026624809950590134	0.02664630301296711	0.12279564142227173
97	0.026738645508885384	0.026749026030302048	0.12324634939432144
98	0.02655998058617115	0.02655341476202011	0.12271793186664581
99	0.025856446474790573	0.02584795653820038	0.12059959769248962
100	0.02627149038016796	0.02627241425216198	0.12243901938199997
