Epoch	loss	mean_absolute_error	mean_squared_error
1	0.12231429666280746	0.2674509584903717	0.1222250908613205
2	0.04721207171678543	0.17124715447425842	0.04720243811607361
3	0.04375490918755531	0.16350886225700378	0.04378005117177963
4	0.042068369686603546	0.1591358333826065	0.04207174479961395
5	0.04191364720463753	0.15863928198814392	0.04192519560456276
6	0.040010929107666016	0.152757465839386	0.04001712054014206
7	0.03962951898574829	0.1525363326072693	0.03963043913245201
8	0.038675956428050995	0.14891155064105988	0.0386747382581234
9	0.0381922647356987	0.14785589277744293	0.03818441182374954
10	0.038136038929224014	0.14842790365219116	0.038142021745443344
11	0.03706125169992447	0.14503376185894012	0.03705107793211937
12	0.03696737438440323	0.14557594060897827	0.03697981312870979
13	0.03679116815328598	0.14430440962314606	0.03680403530597687
14	0.03631267696619034	0.14289432764053345	0.03631056100130081
15	0.035933755338191986	0.14254914224147797	0.03594816476106644
16	0.036284781992435455	0.1432371735572815	0.03626943752169609
17	0.035980138927698135	0.14260220527648926	0.035992443561553955
18	0.03562517091631889	0.14188425242900848	0.035617977380752563
19	0.03539638966321945	0.14075224101543427	0.03539009764790535
20	0.034826867282390594	0.13974691927433014	0.03482206538319588
21	0.03482825681567192	0.13972944021224976	0.0348472036421299
22	0.03445256128907204	0.1383163034915924	0.03447960689663887
23	0.034123633056879044	0.13761194050312042	0.034121591597795486
24	0.03455091640353203	0.13904598355293274	0.03454074263572693
25	0.034457653760910034	0.13889628648757935	0.03446424379944801
26	0.033832795917987823	0.1371707320213318	0.0338156558573246
27	0.03337864205241203	0.13588938117027283	0.03338899090886116
28	0.03316174075007439	0.13671456277370453	0.033151548355817795
29	0.03374963998794556	0.13675981760025024	0.03375367447733879
30	0.03272143378853798	0.13550442457199097	0.032721467316150665
31	0.03264215588569641	0.13505218923091888	0.03265682980418205
32	0.03248978778719902	0.13382183015346527	0.032501641660928726
33	0.03213251754641533	0.1338038444519043	0.032133229076862335
34	0.032347243279218674	0.13414110243320465	0.03235111013054848
35	0.03149687498807907	0.13127687573432922	0.03148370608687401
36	0.031920094043016434	0.13279500603675842	0.031912583857774734
37	0.03156370297074318	0.13236485421657562	0.03156261146068573
38	0.03179692104458809	0.1322828084230423	0.03179709240794182
39	0.03120638243854046	0.1315876692533493	0.03121768869459629
40	0.031523630023002625	0.13228143751621246	0.031513143330812454
41	0.031064148992300034	0.13048943877220154	0.0310757365077734
42	0.031138047575950623	0.1319347620010376	0.031139036640524864
43	0.031103283166885376	0.13111481070518494	0.031105635687708855
44	0.03106008842587471	0.13128282129764557	0.03106648661196232
45	0.03060072660446167	0.13040350377559662	0.03061857260763645
46	0.029717719182372093	0.12788201868534088	0.029703300446271896
47	0.030274471268057823	0.12988191843032837	0.030277488753199577
48	0.02995958738029003	0.12859933078289032	0.029962502419948578
49	0.030175834894180298	0.12921375036239624	0.030180081725120544
50	0.02964009717106819	0.1277025043964386	0.029633069410920143
51	0.029217693954706192	0.1270146518945694	0.029228629544377327
52	0.029272349551320076	0.12683215737342834	0.029278423637151718
53	0.029522202908992767	0.12788593769073486	0.029515525326132774
54	0.029343094676733017	0.12726886570453644	0.029351016506552696
55	0.029815223067998886	0.12835180759429932	0.0298071950674057
56	0.028567731380462646	0.1251267045736313	0.028570715337991714
57	0.029269415885210037	0.12742261588573456	0.02925187535583973
58	0.028512395918369293	0.12475726753473282	0.028513696044683456
59	0.028585609048604965	0.1254023015499115	0.028585826978087425
60	0.02824428863823414	0.12521685659885406	0.028240492567420006
61	0.0281567070633173	0.12444116175174713	0.028151752427220345
62	0.028356999158859253	0.1250799298286438	0.02835342288017273
63	0.028079353272914886	0.1241990327835083	0.028063802048563957
64	0.027842916548252106	0.12380307167768478	0.027862409129738808
65	0.027882331982254982	0.1240030825138092	0.027875537052750587
66	0.02771138958632946	0.1236623078584671	0.027705414220690727
67	0.027873776853084564	0.12422876060009003	0.027877310290932655
68	0.027084901928901672	0.12229928374290466	0.027073975652456284
69	0.027631687000393867	0.12345725297927856	0.027643706649541855
70	0.026886269450187683	0.12106556445360184	0.026882926002144814
71	0.02652094140648842	0.12117603421211243	0.026515210047364235
72	0.026953812688589096	0.12147636711597443	0.026954179629683495
73	0.02655155211687088	0.12079571932554245	0.026558762416243553
74	0.02646373026072979	0.12097444385290146	0.02645246684551239
75	0.02665005810558796	0.12103132903575897	0.02663278393447399
76	0.02620697394013405	0.12031283229589462	0.026204798370599747
77	0.026259837672114372	0.11985860019922256	0.026257740333676338
78	0.026668747887015343	0.12107118964195251	0.026666510850191116
79	0.025936171412467957	0.11897926777601242	0.02592400088906288
80	0.025638360530138016	0.11913065612316132	0.025633394718170166
81	0.025670332834124565	0.11855282634496689	0.025663385167717934
82	0.02605106122791767	0.11940450221300125	0.026040056720376015
83	0.02539643831551075	0.11832306534051895	0.02539104036986828
84	0.02499603107571602	0.11663864552974701	0.025006743147969246
85	0.025027967989444733	0.11658887565135956	0.025018982589244843
86	0.0259371530264616	0.11987275630235672	0.025942571461200714
87	0.025493627414107323	0.11875004321336746	0.025494463741779327
88	0.024892516434192657	0.11685758084058762	0.02489255554974079
89	0.024284325540065765	0.11538035422563553	0.024273067712783813
90	0.024366728961467743	0.11573880165815353	0.02435072511434555
91	0.024521954357624054	0.11573184281587601	0.02451888844370842
92	0.024665819481015205	0.1164734959602356	0.024669254198670387
93	0.02437165565788746	0.11596329510211945	0.02437526173889637
94	0.02377098612487316	0.11483871191740036	0.023786993697285652
95	0.02382996492087841	0.1149672344326973	0.023840440437197685
96	0.02420506626367569	0.11510623246431351	0.024195078760385513
97	0.02379751019179821	0.11362778395414352	0.023797281086444855
98	0.023764019832015038	0.11430367082357407	0.023756075650453568
99	0.02342454344034195	0.11379191279411316	0.023414453491568565
100	0.023478815332055092	0.11376053094863892	0.023469770327210426
